Wall time,Step,Value
1603584606.2527442,0,20.0
1603584606.6027145,1,35.75
1603584606.9732847,2,53.75
1603584607.354424,3,80.5
1603584607.6784458,4,69.66666412353516
1603584608.0794044,5,61.85714340209961
1603584608.4322727,6,63.42856979370117
1603584608.814779,7,53.5
1603584609.1912494,8,33.83333206176758
1603584609.5867991,9,24.117647171020508
1603584609.9943585,10,23.882352828979492
1603584610.359926,11,21.789474487304688
1603584610.7316062,12,19.380952835083008
1603584611.1143577,13,22.55555534362793
1603584611.496444,14,29.5
1603584611.8498993,15,40.09090805053711
1603584612.2121768,16,53.625
1603584612.5858552,17,60.25
1603584612.9175308,18,69.66666412353516
1603584613.2746034,19,73.0
1603584613.6534123,20,80.80000305175781
1603584614.0201142,21,74.5
1603584614.3547728,22,70.0
1603584614.677247,23,44.44444274902344
1603584615.027141,24,32.0
1603584615.4070582,25,28.0
1603584615.8360908,26,23.823530197143555
1603584616.2267869,27,24.52941131591797
1603584616.5904036,28,21.36842155456543
1603584616.9884105,29,19.5238094329834
1603584617.398657,30,19.761905670166016
1603584617.7658362,31,20.049999237060547
1603584618.12966,32,16.239999771118164
1603584618.4980066,33,20.0
1603584618.8540823,34,18.772727966308594
1603584619.2293751,35,20.600000381469727
1603584619.6193082,36,20.0
1603584619.9715853,37,20.700000762939453
1603584620.3270485,38,22.83333396911621
1603584620.6746452,39,21.6842098236084
1603584621.0190659,40,23.764705657958984
1603584621.3873448,41,23.941177368164062
1603584621.7437482,42,25.5625
1603584622.1110277,43,24.882352828979492
1603584622.5053139,44,27.375
1603584622.8773131,45,29.0
1603584623.2559006,46,27.33333396911621
1603584623.6197553,47,36.3636360168457
1603584623.9584827,48,37.3636360168457
1603584624.2975595,49,40.0
1603584624.6459305,50,45.66666793823242
1603584624.9898777,51,38.181819915771484
1603584625.3494763,52,38.09090805053711
1603584625.6929376,53,36.6363639831543
1603584626.0502267,54,41.900001525878906
1603584626.4549873,55,51.55555725097656
1603584626.8319786,56,34.5
1603584627.2229705,57,50.875
1603584627.574409,58,36.727272033691406
1603584627.9271724,59,41.0
1603584628.2787068,60,40.272727966308594
1603584628.6515512,61,32.61538314819336
1603584628.9953287,62,31.0
1603584629.3785505,63,32.769229888916016
1603584629.744912,64,24.41176414489746
1603584630.1029994,65,33.69230651855469
1603584630.4462173,66,25.75
1603584630.8077471,67,24.058822631835938
1603584631.1772754,68,22.83333396911621
1603584631.5420332,69,23.55555534362793
1603584631.8957856,70,24.352941513061523
1603584632.258431,71,25.1875
1603584632.6768873,72,28.0
1603584633.0952337,73,21.894737243652344
1603584633.4589932,74,26.0
1603584633.8238316,75,29.571428298950195
1603584634.21469,76,20.799999237060547
1603584634.610371,77,27.733333587646484
1603584634.9577878,78,26.866666793823242
1603584635.323055,79,21.3157901763916
1603584635.6943588,80,23.705883026123047
1603584636.059129,81,21.052631378173828
1603584636.4468784,82,23.22222137451172
1603584636.8088994,83,25.1875
1603584637.1964052,84,19.227272033691406
1603584637.5540266,85,19.4761905670166
1603584637.93008,86,19.66666603088379
1603584638.299808,87,20.700000762939453
1603584638.693189,88,19.454545974731445
1603584639.060741,89,18.909090042114258
1603584639.4562066,90,18.909090042114258
1603584639.8218958,91,21.526315689086914
1603584640.1735082,92,22.27777862548828
1603584640.5381992,93,18.545454025268555
1603584640.8953075,94,24.235294342041016
1603584641.2802706,95,25.6875
1603584641.6577976,96,23.647058486938477
1603584642.0347319,97,26.75
1603584642.4123542,98,29.066667556762695
1603584642.8117435,99,24.0
