Wall time,Step,Value
1603584475.498253,0,34.5
1603584476.4428575,1,25.0625
1603584477.5150533,2,26.125
1603584478.496623,3,35.58333206176758
1603584479.451671,4,72.42857360839844
1603584480.3527112,5,74.83333587646484
1603584481.2640157,6,41.09090805053711
1603584482.1612275,7,40.29999923706055
1603584483.2650335,8,93.4000015258789
1603584484.1294928,9,81.0
1603584485.0354185,10,85.19999694824219
1603584485.9184582,11,67.66666412353516
1603584486.8522215,12,89.5999984741211
1603584487.7455606,13,140.6666717529297
1603584488.706783,14,171.6666717529297
1603584489.6817167,15,172.6666717529297
1603584490.6474233,16,141.3333282470703
1603584491.599467,17,206.5
1603584492.5960748,18,123.75
1603584493.5829377,19,166.0
1603584494.4959688,20,140.0
1603584495.443227,21,157.3333282470703
1603584496.3574753,22,135.0
1603584497.3276184,23,110.25
1603584498.2699528,24,113.0
1603584499.2367415,25,116.5
1603584500.2077417,26,92.19999694824219
1603584501.1372054,27,97.4000015258789
1603584502.075205,28,89.80000305175781
1603584503.0484364,29,108.75
1603584503.9442852,30,123.0
1603584504.8011541,31,148.3333282470703
1603584505.834423,32,27.066667556762695
1603584506.8857346,33,131.25
1603584507.7663798,34,133.3333282470703
1603584508.7084303,35,100.4000015258789
1603584509.6350489,36,25.5
1603584510.566635,37,59.42856979370117
1603584511.5522056,38,34.92307662963867
1603584512.5271673,39,70.16666412353516
1603584513.5675275,40,124.75
1603584514.4594648,41,146.3333282470703
1603584515.4594197,42,177.6666717529297
1603584516.3036616,43,202.5
1603584517.275281,44,220.5
1603584518.275403,45,261.5
1603584519.3024087,46,304.5
1603584520.443874,47,334.0
1603584521.7134693,48,371.0
1603584522.9222028,49,420.5
1603584524.023339,50,539.0
1603584525.1041067,51,743.0
1603584526.5395555,52,1000.0
1603584527.734611,53,1000.0
1603584528.923469,54,1000.0
1603584530.208171,55,1000.0
1603584531.4545524,56,1000.0
1603584532.6488576,57,1000.0
1603584533.8744953,58,1000.0
1603584535.0655794,59,1000.0
1603584536.284815,60,1000.0
1603584537.4867973,61,1000.0
1603584538.6933053,62,1000.0
1603584539.9283957,63,1000.0
1603584541.1538637,64,1000.0
1603584542.495561,65,1000.0
1603584543.7621417,66,1000.0
1603584545.0323942,67,1000.0
1603584546.3887558,68,1000.0
1603584547.8012254,69,1000.0
1603584549.0226784,70,1000.0
1603584550.2749205,71,1000.0
1603584551.5071826,72,1000.0
1603584552.73586,73,1000.0
1603584554.0110586,74,218.0
1603584554.958876,75,15.11111068725586
1603584555.999506,76,9.571428298950195
1603584557.2723198,77,9.511628150939941
1603584558.3909123,78,10.256410598754883
1603584559.4850445,79,12.272727012634277
1603584560.6692524,80,15.148148536682129
1603584561.6904542,81,30.85714340209961
1603584562.6531622,82,52.625
1603584564.022997,83,1000.0
1603584565.256557,84,1000.0
1603584566.4786623,85,1000.0
1603584567.7923145,86,1000.0
1603584569.0126936,87,1000.0
1603584570.3872576,88,1000.0
1603584571.6221676,89,1000.0
1603584572.9012403,90,1000.0
1603584574.1330206,91,1000.0
1603584575.3710804,92,1000.0
1603584576.4117422,93,345.0
1603584577.376262,94,241.0
1603584578.3942204,95,229.0
1603584579.45446,96,123.75
1603584580.4606159,97,105.5
1603584581.407814,98,97.4000015258789
1603584582.3807616,99,97.5999984741211
