Wall time,Step,Value
1603584286.816046,0,28.66666603088379
1603584287.8513203,1,55.22222137451172
1603584288.783212,2,62.0
1603584289.7223132,3,85.16666412353516
1603584290.6350908,4,120.0
1603584291.5693057,5,71.0
1603584292.4826233,6,118.5
1603584293.3338432,7,206.5
1603584294.2472918,8,178.0
1603584295.1865866,9,145.3333282470703
1603584296.0725353,10,91.5999984741211
1603584296.9783673,11,102.25
1603584297.934636,12,101.80000305175781
1603584298.8604994,13,177.3333282470703
1603584299.7720292,14,239.5
1603584300.9919634,15,416.0
1603584302.277803,16,461.5
1603584303.6354663,17,1000.0
1603584304.9273748,18,729.0
1603584306.2181406,19,365.0
1603584307.1619694,20,222.0
1603584308.0898142,21,146.3333282470703
1603584308.9584875,22,101.25
1603584309.82315,23,86.0
1603584310.741296,24,45.900001525878906
1603584311.6581497,25,73.16666412353516
1603584312.6135938,26,90.5999984741211
1603584313.5416636,27,75.66666412353516
1603584314.421194,28,87.19999694824219
1603584315.3783004,29,89.19999694824219
1603584316.277321,30,100.25
1603584317.1722896,31,113.75
1603584318.133135,32,126.75
1603584319.0027719,33,212.5
1603584319.9493008,34,241.5
1603584320.9336026,35,408.0
1603584322.2535748,36,1000.0
1603584323.580887,37,1000.0
1603584324.8686013,38,1000.0
1603584326.0825987,39,1000.0
1603584327.2848883,40,1000.0
1603584328.5083017,41,1000.0
1603584329.7595973,42,1000.0
1603584330.9946363,43,1000.0
1603584332.195536,44,1000.0
1603584333.384146,45,964.0
1603584334.4014258,46,641.0
1603584335.668358,47,434.0
1603584336.9497652,48,346.5
1603584337.9776716,49,301.0
1603584338.9094768,50,256.5
1603584339.7872612,51,211.5
1603584340.7661693,52,227.5
1603584341.665225,53,229.0
1603584342.6621892,54,202.0
1603584343.7404714,55,189.0
1603584344.8082788,56,176.0
1603584345.8619642,57,178.3333282470703
1603584347.0457158,58,176.6666717529297
1603584348.0113523,59,187.6666717529297
1603584348.9794755,60,173.6666717529297
1603584349.9332075,61,178.6666717529297
1603584350.9465587,62,179.3333282470703
1603584351.8768291,63,178.0
1603584352.8364577,64,180.3333282470703
1603584353.783539,65,210.5
1603584354.8536556,66,203.5
1603584355.9624147,67,266.5
1603584356.9010634,68,287.5
1603584357.9497101,69,317.5
1603584359.0283892,70,306.5
1603584360.1715336,71,326.5
1603584361.3228283,72,334.5
1603584362.4600136,73,314.0
1603584363.6808734,74,338.0
1603584364.932016,75,315.5
1603584365.9520116,76,348.0
1603584367.0502045,77,342.0
1603584368.1812944,78,372.0
1603584369.318471,79,409.5
1603584370.3530438,80,487.0
1603584371.387806,81,436.0
1603584372.6712062,82,473.0
1603584373.6910443,83,605.0
1603584374.7828574,84,628.0
1603584375.8281362,85,605.0
1603584376.830304,86,585.0
1603584377.934454,87,587.0
1603584378.9474764,88,552.0
1603584380.1941674,89,492.0
1603584381.2384183,90,455.0
1603584382.5029614,91,363.0
1603584383.5472224,92,155.6666717529297
1603584384.60239,93,161.0
1603584385.6781025,94,179.0
1603584386.6907613,95,143.0
1603584387.6195705,96,165.0
1603584388.633946,97,178.3333282470703
1603584389.6391664,98,177.0
1603584390.656161,99,176.0
