Wall time,Step,Value
1603583907.5582283,0,34.33333206176758
1603583911.17011,1,41.79999923706055
1603583914.5730944,2,57.28571319580078
1603583918.0139835,3,75.5
1603583921.3441784,4,86.19999694824219
1603583924.6535752,5,202.5
1603583927.9996831,6,243.0
1603583931.4790494,7,479.0
1603583935.1887333,8,708.0
1603583938.5050611,9,465.0
1603583942.064032,10,302.5
1603583945.500363,11,277.0
1603583948.8202353,12,224.5
1603583952.0805535,13,262.0
1603583955.4833775,14,147.0
1603583958.9547212,15,255.0
1603583962.2564898,16,170.6666717529297
1603583965.5980952,17,188.3333282470703
1603583968.9602034,18,184.3333282470703
1603583972.2993693,19,174.0
1603583975.66149,20,177.6666717529297
1603583978.994068,21,201.5
1603583982.3833034,22,215.5
1603583985.902424,23,325.5
1603583989.2821782,24,546.0
1603583993.0864568,25,917.0
1603583996.6951704,26,1000.0
1603584000.402065,27,1000.0
1603584004.2656147,28,1000.0
1603584007.9976768,29,1000.0
1603584011.6675584,30,1000.0
1603584015.47399,31,1000.0
1603584019.4813478,32,1000.0
1603584023.619324,33,641.0
1603584027.057061,34,532.0
1603584030.5721846,35,335.5
1603584034.4367673,36,377.0
1603584037.7843623,37,273.5
1603584041.0405903,38,243.0
1603584044.4692829,39,212.5
1603584047.7133694,40,204.5
1603584051.0628088,41,187.6666717529297
1603584054.5486794,42,177.3333282470703
1603584058.0213408,43,219.5
1603584061.21389,44,202.5
1603584064.6027634,45,249.0
1603584067.886455,46,225.0
1603584071.3947878,47,275.5
1603584074.900819,48,320.0
1603584078.3048775,49,330.5
1603584081.8124783,50,307.5
1603584085.1204898,51,423.0
1603584088.4680471,52,596.0
1603584091.9436448,53,691.0
1603584096.131656,54,1000.0
1603584099.892584,55,1000.0
1603584103.6231456,56,1000.0
1603584107.149213,57,600.0
1603584110.8788364,58,396.0
1603584114.623894,59,269.0
1603584117.8968914,60,265.0
1603584121.2651145,61,209.5
1603584124.6510842,62,221.5
1603584128.0001194,63,208.5
1603584131.452203,64,216.5
1603584134.8117092,65,223.0
1603584138.1401799,66,229.0
1603584141.4531913,67,241.5
1603584145.050741,68,235.5
1603584148.5084224,69,182.3333282470703
1603584151.814237,70,237.0
1603584155.3409438,71,214.0
1603584158.6818638,72,193.6666717529297
1603584162.186721,73,184.0
1603584165.698964,74,140.5
1603584169.0227423,75,169.0
1603584172.578601,76,166.6666717529297
1603584175.851576,77,156.3333282470703
1603584179.3087854,78,141.6666717529297
1603584182.7159214,79,141.0
1603584186.0624394,80,115.25
1603584189.2447507,81,106.25
1603584192.7171247,82,122.5
1603584196.0195584,83,129.75
1603584199.409447,84,158.0
1603584202.86605,85,211.0
1603584206.2373986,86,204.5
1603584209.7480214,87,407.5
1603584213.1144834,88,137.75
1603584216.5663664,89,146.6666717529297
1603584220.0338488,90,278.5
1603584223.8739693,91,572.5
1603584227.625533,92,1000.0
1603584231.5154061,93,1000.0
1603584235.0529072,94,909.0
1603584239.0575101,95,625.0
1603584242.53928,96,393.0
1603584246.1512594,97,476.0
1603584249.846387,98,376.0
1603584253.145258,99,201.5
