Wall time,Step,Value
1603583471.0914483,0,68.66666412353516
1603583474.5082629,1,27.399999618530273
1603583478.0615954,2,78.0
1603583481.4193597,3,82.0
1603583484.7895088,4,72.16666412353516
1603583488.0968537,5,66.66666412353516
1603583491.4193568,6,75.0
1603583494.7738655,7,80.66666412353516
1603583498.2653854,8,35.33333206176758
1603583501.7686844,9,42.29999923706055
1603583505.3177845,10,41.0
1603583508.7808504,11,46.66666793823242
1603583512.1843424,12,70.66666412353516
1603583515.6279697,13,92.80000305175781
1603583518.955759,14,129.0
1603583522.397626,15,211.0
1603583525.8244624,16,147.3333282470703
1603583529.2401218,17,126.25
1603583532.6044307,18,126.0
1603583535.9084063,19,101.0
1603583539.3774803,20,115.25
1603583542.7063735,21,99.4000015258789
1603583546.2040336,22,101.5
1603583549.6107569,23,96.19999694824219
1603583553.1547973,24,98.4000015258789
1603583556.6483452,25,111.25
1603583559.9723165,26,96.4000015258789
1603583563.4175477,27,91.5999984741211
1603583566.706499,28,85.19999694824219
1603583570.1187363,29,51.5
1603583573.5365324,30,25.75
1603583577.129464,31,21.789474487304688
1603583580.7380846,32,18.39130401611328
1603583584.4648602,33,15.692307472229004
1603583588.43749,34,21.0
1603583592.1104977,35,23.05555534362793
1603583595.8981361,36,24.294116973876953
1603583599.6153362,37,48.33333206176758
1603583603.2035549,38,67.71428680419922
1603583606.595277,39,86.80000305175781
1603583610.0420718,40,102.19999694824219
1603583613.3255305,41,119.5
1603583616.625345,42,151.3333282470703
1603583619.9797542,43,237.5
1603583623.5178955,44,388.0
1603583627.1127577,45,527.0
1603583630.6915884,46,1000.0
1603583634.7225978,47,711.0
1603583638.0427918,48,488.0
1603583641.5255923,49,333.5
1603583644.9484668,50,374.0
1603583648.5307436,51,308.0
1603583652.0263586,52,295.0
1603583655.3164985,53,259.0
1603583658.7062576,54,255.5
1603583661.9995077,55,223.0
1603583665.3635025,56,231.5
1603583668.8994412,57,218.5
1603583672.1319876,58,229.0
1603583675.5063984,59,225.0
1603583678.824912,60,218.5
1603583682.436711,61,232.5
1603583685.9633307,62,247.5
1603583689.3022876,63,232.0
1603583692.7592776,64,247.0
1603583696.1325526,65,169.3333282470703
1603583699.4032183,66,235.5
1603583702.852261,67,268.5
1603583706.497192,68,284.5
1603583710.00905,69,297.0
1603583713.4417593,70,320.5
1603583716.9206562,71,334.5
1603583720.3562315,72,338.5
1603583723.8234868,73,353.0
1603583727.441342,74,341.5
1603583730.972185,75,339.0
1603583734.4351625,76,339.5
1603583737.9063694,77,345.0
1603583741.5333939,78,356.0
1603583745.0206146,79,363.0
1603583748.631077,80,346.5
1603583752.2038476,81,381.0
1603583755.8319643,82,393.0
1603583759.0510848,83,413.0
1603583762.4510365,84,465.0
1603583766.0128136,85,632.0
1603583769.667958,86,723.0
1603583773.7176318,87,1000.0
1603583777.6164603,88,1000.0
1603583781.4295964,89,1000.0
1603583785.2128222,90,1000.0
1603583788.9113393,91,1000.0
1603583792.528165,92,1000.0
1603583796.2317085,93,1000.0
1603583799.8616827,94,1000.0
1603583803.641589,95,1000.0
1603583807.6512647,96,1000.0
1603583811.2958782,97,1000.0
1603583814.9925938,98,1000.0
1603583818.6704943,99,1000.0
